100,300,3000,0.008,1e-08,81.89,0.1
100,300,3000,0.008,1e-06,82.12,0.1
100,300,3000,0.008,1e-05,82.93,0.1
100,300,3000,0.008,0.0001,83.58,0.1
100,300,3000,0.008,0.001,80.83,0.1
100,300,3000,0.008,0.01,82.78,0.1
100,300,3000,0.008,0.1,81.51,0.1
100,300,3000,0.008,1,79.23,0.1
100,300,3000,0.008,1e-08,77.41,0.2
100,300,3000,0.008,1e-06,74.95,0.2
100,300,3000,0.008,1e-05,76.92,0.2
100,300,3000,0.008,0.0001,77.87,0.2
100,300,3000,0.008,0.001,77.49,0.2
100,300,3000,0.008,0.01,77.21,0.2
100,300,3000,0.008,0.1,76.05,0.2
100,300,3000,0.008,1,71.46,0.2
100,300,3000,0.008,1e-08,71.81,0.3
100,300,3000,0.008,1e-06,73.52,0.3
100,300,3000,0.008,1e-05,73.11,0.3
100,300,3000,0.008,0.0001,72.57,0.3
100,300,3000,0.008,0.001,72.41,0.3
100,300,3000,0.008,0.01,73.51,0.3
100,300,3000,0.008,0.1,73.02,0.3
100,300,3000,0.008,1,70.75,0.3
100,300,3000,0.008,1e-08,70.28,0.4
100,300,3000,0.008,1e-06,68.31,0.4
100,300,3000,0.008,1e-05,69.09,0.4
100,300,3000,0.008,0.0001,68.41,0.4
100,300,3000,0.008,0.001,68.87,0.4
100,300,3000,0.008,0.01,68.56,0.4
100,300,3000,0.008,0.1,68.6,0.4
100,300,3000,0.008,1,66.33,0.4