50,500,3000,0.008,1e-08,78.86,0.1
50,500,3000,0.008,1e-06,78.84,0.1
50,500,3000,0.008,1e-05,77.18,0.1
50,500,3000,0.008,0.0001,77.58,0.1
50,500,3000,0.008,0.001,77.15,0.1
50,500,3000,0.008,0.01,78.94,0.1
50,500,3000,0.008,0.1,81.44,0.1
50,500,3000,0.008,1,83.35,0.1
50,500,3000,0.008,1e-08,78.83,0.2
50,500,3000,0.008,1e-06,79.39,0.2
50,500,3000,0.008,1e-05,78.6,0.2
50,500,3000,0.008,0.0001,78.04,0.2
50,500,3000,0.008,0.001,78.53,0.2
50,500,3000,0.008,0.01,78.73,0.2
50,500,3000,0.008,0.1,82.57,0.2
50,500,3000,0.008,1,82.09,0.2
50,500,3000,0.008,1e-08,80.66,0.3
50,500,3000,0.008,1e-06,80.23,0.3
50,500,3000,0.008,1e-05,80.02,0.3
50,500,3000,0.008,0.0001,79.79,0.3
50,500,3000,0.008,0.001,80.44,0.3
50,500,3000,0.008,0.01,80.39,0.3
50,500,3000,0.008,0.1,83.74,0.3
50,500,3000,0.008,1,79.16,0.3
50,500,3000,0.008,1e-08,79.1,0.4
50,500,3000,0.008,1e-06,81.11,0.4
50,500,3000,0.008,1e-05,80.76,0.4
50,500,3000,0.008,0.0001,80.64,0.4
50,500,3000,0.008,0.001,80.35,0.4
50,500,3000,0.008,0.01,81.36,0.4
50,500,3000,0.008,0.1,84.8,0.4
50,500,3000,0.008,1,75.96,0.4
