100,300,3000,0.008,1e-08,74.83
100,300,3000,0.008,1e-06,74.81
100,300,3000,0.008,1e-05,74.92
100,300,3000,0.008,0.0001,74.37
100,300,3000,0.008,0.001,74.24
100,300,3000,0.008,0.01,75.5
100,300,3000,0.008,0.1,79.16
100,300,3000,0.008,1,85.84
50,500,3000,0.01,1e-08,76.05
50,500,3000,0.01,1e-06,77.31
50,500,3000,0.01,1e-05,78.8
50,500,3000,0.01,0.0001,77.49
50,500,3000,0.01,0.001,77.86
50,500,3000,0.01,0.01,79.04
50,500,3000,0.01,0.1,82.18
50,500,3000,0.01,1,85.82
100,300,3000,0.01,1e-08,77.49
100,300,3000,0.01,1e-06,77.74
100,300,3000,0.01,1e-05,78.23
100,500,3000,0.01,0.0001,78.21
100,500,3000,0.01,0.001,78.18
100,500,3000,0.01,0.01,78.19
100,500,3000,0.01,0.1,82.12
100,500,3000,0.01,1,85.92
50,500,3000,0.008,1e-08,74.27
50,500,3000,0.008,1e-06,74.44
50,500,3000,0.008,1e-05,75.21
50,500,3000,0.008,0.0001,74.16
50,500,3000,0.008,0.001,74.84
50,500,3000,0.008,0.01,73.65
50,500,3000,0.008,0.1,79.42
50,500,3000,0.008,1,85.88
100,200,3000,0.008,1e-08,77.3
100,200,3000,0.008,1e-06,78.4
100,200,3000,0.008,1e-05,78.86
100,200,3000,0.008,0.0001,78.11
100,200,3000,0.008,0.001,78.11
100,200,3000,0.008,0.01,78.59
100,200,3000,0.008,0.1,82.03
100,200,3000,0.008,1,85.34
100,200,3000,0.05,1e-08,84.1
100,200,3000,0.05,1e-06,84.15
100,200,3000,0.05,1e-05,83.56
100,200,3000,0.05,0.0001,84.39
100,200,3000,0.05,0.001,84.23
100,200,3000,0.05,0.01,84.48
100,200,3000,0.05,0.1,80.34
100,200,3000,0.05,1,61.82
100,200,3000,0.1,1e-08,82.33
100,200,3000,0.1,1e-06,80.39
100,200,3000,0.1,1e-05,81.57
100,200,3000,0.1,0.0001,82.02
100,200,3000,0.1,0.001,81.28
100,200,3000,0.1,0.01,75.96
100,200,3000,0.1,0.1,67.12
100,200,3000,0.1,1,42.41
100,200,3000,0.3,1e-08,72.14
100,200,3000,0.3,1e-06,71.98
100,200,3000,0.3,1e-05,71.85
100,200,3000,0.3,0.0001,72.22
100,200,3000,0.3,0.001,71.65
100,200,3000,0.3,0.01,67.07
100,200,3000,0.3,0.1,38.93
100,200,3000,0.3,1,33.67
100,300,3000,0.05,1e-08,84.27
100,300,3000,0.05,1e-06,83.51
100,300,3000,0.05,1e-05,83.61
100,300,3000,0.05,0.0001,84.19
100,300,3000,0.05,0.001,83.91
100,300,3000,0.05,0.01,84.55
100,300,3000,0.05,0.1,79.2
100,300,3000,0.05,1,61.47
100,300,3000,0.1,1e-08,81.09
100,300,3000,0.1,1e-06,81.33
100,300,3000,0.1,1e-05,81.25
100,300,3000,0.1,0.0001,81.74
100,300,3000,0.1,0.001,81.01
100,300,3000,0.1,0.01,76.81
100,300,3000,0.1,0.1,66.65
100,300,3000,0.1,1,44.99
100,300,3000,0.3,1e-08,71.67
100,300,3000,0.3,1e-06,71.45
100,300,3000,0.3,1e-05,70.72
100,300,3000,0.3,0.0001,71.45
100,300,3000,0.3,0.001,73.06
100,300,3000,0.3,0.01,63.64
100,300,3000,0.3,0.1,38.55
100,300,3000,0.3,1,33.66
50,100,3000,0.05,1e-08,83.96
50,100,3000,0.05,1e-06,84.08
50,100,3000,0.05,1e-05,84.54
50,100,3000,0.05,0.0001,84.32
50,100,3000,0.05,0.001,83.74
50,100,3000,0.05,0.01,83.98
50,100,3000,0.05,0.1,74.59
50,100,3000,0.05,1,61.01
50,100,3000,0.07,1e-08,83.45
50,100,3000,0.07,1e-06,83.58
50,100,3000,0.07,1e-05,83.18
50,100,3000,0.07,0.0001,84.05
50,100,3000,0.07,0.001,82.66
50,100,3000,0.07,0.01,82.53
50,100,3000,0.07,0.1,70.9
50,100,3000,0.07,1,57.21
50,100,3000,0.1,1e-08,81.83
50,100,3000,0.1,1e-06,81.11
50,100,3000,0.1,1e-05,81.46
50,100,3000,0.1,0.0001,82.15
50,100,3000,0.1,0.001,77.23
50,100,3000,0.1,0.01,78.82
50,100,3000,0.1,0.1,65.25
50,100,3000,0.1,1,42.71
50,200,3000,0.05,1e-08,84.09
50,200,3000,0.05,1e-06,85.07
50,200,3000,0.05,1e-05,84.85
50,200,3000,0.05,0.0001,84.85
50,200,3000,0.05,0.001,84.57
50,200,3000,0.05,0.01,84.28
50,200,3000,0.05,0.1,80.83
50,200,3000,0.05,1,61.68
50,200,3000,0.07,1e-08,83.6
50,200,3000,0.07,1e-06,83.5
50,200,3000,0.07,1e-05,82.92
50,200,3000,0.07,0.0001,83.3
50,200,3000,0.07,0.001,83.79
50,200,3000,0.07,0.01,84.17
50,200,3000,0.07,0.1,71.99
50,200,3000,0.07,1,56.72
50,200,3000,0.1,1e-08,81.31
50,200,3000,0.1,1e-06,82.42
50,200,3000,0.1,1e-05,80.45
50,200,3000,0.1,0.0001,81.57
50,200,3000,0.1,0.001,80.67
50,200,3000,0.1,0.01,77.9
50,200,3000,0.1,0.1,66.42
50,200,3000,0.1,1,46.05
100,100,3000,0.05,1e-08,84.2
100,100,3000,0.05,1e-06,84.66
100,100,3000,0.05,1e-05,84.87
100,100,3000,0.05,0.0001,84.0
100,100,3000,0.05,0.001,84.3
100,100,3000,0.05,0.01,85.11
100,100,3000,0.05,0.1,80.07
100,100,3000,0.05,1,61.08
100,100,3000,0.07,1e-08,84.24
100,100,3000,0.07,1e-06,83.82
100,100,3000,0.07,1e-05,83.01
100,100,3000,0.07,0.0001,84.23
100,100,3000,0.07,0.001,83.03
100,100,3000,0.07,0.01,84.19
100,100,3000,0.07,0.1,71.98
100,100,3000,0.07,1,58.09
100,100,3000,0.1,1e-08,81.99
100,100,3000,0.1,1e-06,81.36
100,100,3000,0.1,1e-05,83.18
100,100,3000,0.1,0.0001,82.25
100,100,3000,0.1,0.001,82.23
100,100,3000,0.1,0.01,76.13
100,100,3000,0.1,0.1,66.41
100,100,3000,0.1,1,46.3
50,500,3000,0.001,1e-08,65.1
50,500,3000,0.001,1e-06,64.15
50,500,3000,0.001,1e-05,65.41
50,500,3000,0.001,0.0001,64.23
50,500,3000,0.001,0.001,63.26
50,500,3000,0.001,0.01,64.9
50,500,3000,0.001,0.1,65.8
50,500,3000,0.001,1,65.18
50,500,3000,0.01,1e-08,77.26
50,500,3000,0.01,1e-06,78.61
50,500,3000,0.01,1e-05,77.73
50,500,3000,0.01,0.0001,78.34
50,500,3000,0.01,0.001,78.12
50,500,3000,0.01,0.01,78.22
50,500,3000,0.01,0.1,82.87
50,500,3000,0.01,1,85.64
50,500,3000,0.05,1e-08,84.5
50,500,3000,0.05,1e-06,83.65
50,500,3000,0.05,1e-05,84.07
50,500,3000,0.05,0.0001,83.63
50,500,3000,0.05,0.001,84.43
50,500,3000,0.05,0.01,84.49
50,500,3000,0.05,0.1,80.57
50,500,3000,0.05,1,62.12
50,500,3000,0.1,1e-08,81.43
50,500,3000,0.1,1e-06,80.12
50,500,3000,0.1,1e-05,80.33
50,500,3000,0.1,0.0001,80.86
50,500,3000,0.1,0.001,81.47
50,500,3000,0.1,0.01,77.13
50,500,3000,0.1,0.1,67.43
50,500,3000,0.1,1,46.89
50,500,3000,0.3,1e-08,70.99
50,500,3000,0.3,1e-06,71.18
50,500,3000,0.3,1e-05,71.53
50,500,3000,0.3,0.0001,71.3
50,500,3000,0.3,0.001,73.35
50,500,3000,0.3,0.01,63.6
50,500,3000,0.3,0.1,38.35
50,500,3000,0.3,1,34.87

