50,50,3000,0.001,1e-08,43.2
50,50,3000,0.001,1e-06,44.12
50,50,3000,0.001,1e-05,45.13
50,50,3000,0.001,0.0001,42.98
50,50,3000,0.001,0.001,43.69
50,50,3000,0.001,0.01,44.73
50,50,3000,0.001,0.1,43.65
50,50,3000,0.001,1,41.82
50,50,3000,0.003,1e-08,64.99
50,50,3000,0.003,1e-06,68.06
50,50,3000,0.003,1e-05,65.33
50,50,3000,0.003,0.0001,67.22
50,50,3000,0.003,0.001,65.86
50,50,3000,0.003,0.01,65.87
50,50,3000,0.003,0.1,66.32
50,50,3000,0.003,1,62.49
50,50,3000,0.005,1e-08,74.62
50,50,3000,0.005,1e-06,74.64
50,50,3000,0.005,1e-05,73.82
50,50,3000,0.005,0.0001,74.67
50,50,3000,0.005,0.001,74.16
50,50,3000,0.005,0.01,75.78
50,50,3000,0.005,0.1,73.75
50,50,3000,0.005,1,72.31
50,50,3000,0.008,1e-08,84.93
50,50,3000,0.008,1e-06,84.75
50,50,3000,0.008,1e-05,84.48
50,50,3000,0.008,0.0001,84.49
50,50,3000,0.008,0.001,84.99
50,50,3000,0.008,0.01,84.74
50,50,3000,0.008,0.1,84.88
50,50,3000,0.008,1,79.79
50,50,3000,0.01,1e-08,85.25
50,50,3000,0.01,1e-06,84.99
50,50,3000,0.01,1e-05,84.49
50,50,3000,0.01,0.0001,85.12
50,50,3000,0.01,0.001,85.0
50,50,3000,0.01,0.01,85.57
50,50,3000,0.01,0.1,85.32
50,50,3000,0.01,1,81.09
50,50,3000,0.03,1e-08,67.8
50,50,3000,0.03,1e-06,65.82
50,50,3000,0.03,1e-05,66.25
50,50,3000,0.03,0.0001,66.24
50,50,3000,0.03,0.001,66.53
50,50,3000,0.03,0.01,67.11
50,50,3000,0.03,0.1,66.22
50,50,3000,0.03,1,75.48
50,100,3000,0.001,1e-08,49.56
50,100,3000,0.001,1e-06,50.13
50,100,3000,0.001,1e-05,49.56
50,100,3000,0.001,0.0001,48.47
50,100,3000,0.001,0.001,49.44
50,100,3000,0.001,0.01,49.45
50,100,3000,0.001,0.1,50.41
50,100,3000,0.001,1,45.44
50,100,3000,0.003,1e-08,68.04
50,100,3000,0.003,1e-06,68.2
50,100,3000,0.003,1e-05,70.52
50,100,3000,0.003,0.0001,69.08
50,100,3000,0.003,0.001,69.46
50,100,3000,0.003,0.01,69.09
50,100,3000,0.003,0.1,68.91
50,100,3000,0.003,1,65.19
50,100,3000,0.005,1e-08,76.71
50,100,3000,0.005,1e-06,76.66
50,100,3000,0.005,1e-05,75.11
50,100,3000,0.005,0.0001,76.37
50,100,3000,0.005,0.001,74.79
50,100,3000,0.005,0.01,76.67
50,100,3000,0.005,0.1,76.18
50,100,3000,0.005,1,73.55
50,100,3000,0.008,1e-08,85.98
50,100,3000,0.008,1e-06,85.7
50,100,3000,0.008,1e-05,85.56
50,100,3000,0.008,0.0001,85.02
50,100,3000,0.008,0.001,85.35
50,100,3000,0.008,0.01,85.64
50,100,3000,0.008,0.1,85.66
50,100,3000,0.008,1,82.0
50,100,3000,0.01,1e-08,86.11
50,100,3000,0.01,1e-06,85.86
50,100,3000,0.01,1e-05,85.71
50,100,3000,0.01,0.0001,85.98
50,100,3000,0.01,0.001,86.15
50,100,3000,0.01,0.01,85.75
50,100,3000,0.01,0.1,86.17
50,100,3000,0.01,1,83.06
50,100,3000,0.03,1e-08,67.2
50,100,3000,0.03,1e-06,66.12
50,100,3000,0.03,1e-05,66.98
50,100,3000,0.03,0.0001,66.33
50,100,3000,0.03,0.001,65.75
50,100,3000,0.03,0.01,64.92
50,100,3000,0.03,0.1,66.29
50,100,3000,0.03,1,76.01
50,200,3000,0.001,1e-08,60.35
50,200,3000,0.001,1e-06,60.08
50,200,3000,0.001,1e-05,59.89
50,200,3000,0.001,0.0001,59.5
50,200,3000,0.001,0.001,59.27
50,200,3000,0.001,0.01,60.4
50,200,3000,0.001,0.1,59.17
50,200,3000,0.001,1,52.38
50,200,3000,0.003,1e-08,69.24
50,200,3000,0.003,1e-06,69.15
50,200,3000,0.003,1e-05,69.51
50,200,3000,0.003,0.0001,69.72
50,200,3000,0.003,0.001,68.71
50,200,3000,0.003,0.01,69.34
50,200,3000,0.003,0.1,71.87
50,200,3000,0.003,1,71.34
50,200,3000,0.005,1e-08,77.45
50,200,3000,0.005,1e-06,78.24
50,200,3000,0.005,1e-05,77.73
50,200,3000,0.005,0.0001,78.71
50,200,3000,0.005,0.001,78.05
50,200,3000,0.005,0.01,78.32
50,200,3000,0.005,0.1,77.99
50,200,3000,0.005,1,79.2
50,200,3000,0.008,1e-08,86.04
50,200,3000,0.008,1e-06,86.89
50,200,3000,0.008,1e-05,87.39
50,200,3000,0.008,0.0001,86.59
50,200,3000,0.008,0.001,86.62
50,200,3000,0.008,0.01,86.87
50,200,3000,0.008,0.1,87.06
50,200,3000,0.008,1,83.64
50,200,3000,0.01,1e-08,86.69
50,200,3000,0.01,1e-06,86.97
50,200,3000,0.01,1e-05,86.59
50,200,3000,0.01,0.0001,86.77
50,200,3000,0.01,0.001,86.82
50,200,3000,0.01,0.01,86.53
50,200,3000,0.01,0.1,87.14
50,200,3000,0.01,1,84.27
50,200,3000,0.03,1e-08,66.57
50,200,3000,0.03,1e-06,65.69
50,200,3000,0.03,1e-05,66.49
50,200,3000,0.03,0.0001,67.54
50,200,3000,0.03,0.001,66.08
50,200,3000,0.03,0.01,67.29
50,200,3000,0.03,0.1,65.38
50,200,3000,0.03,1,75.86
50,300,3000,0.001,1e-08,64.28
50,300,3000,0.001,1e-06,63.92
50,300,3000,0.001,1e-05,65.39
50,300,3000,0.001,0.0001,65.48
50,300,3000,0.001,0.001,64.15
50,300,3000,0.001,0.01,63.95
50,300,3000,0.001,0.1,64.84
50,300,3000,0.001,1,59.54
50,300,3000,0.003,1e-08,71.66
50,300,3000,0.003,1e-06,70.37
50,300,3000,0.003,1e-05,72.57
50,300,3000,0.003,0.0001,70.33
50,300,3000,0.003,0.001,71.69
50,300,3000,0.003,0.01,73.07
50,300,3000,0.003,0.1,74.41
50,300,3000,0.003,1,74.32
50,300,3000,0.005,1e-08,79.36
50,300,3000,0.005,1e-06,79.99
50,300,3000,0.005,1e-05,78.76
50,300,3000,0.005,0.0001,79.75
50,300,3000,0.005,0.001,79.39
50,300,3000,0.005,0.01,78.59
50,300,3000,0.005,0.1,80.87
50,300,3000,0.005,1,81.98
50,300,3000,0.008,1e-08,86.78
50,300,3000,0.008,1e-06,86.86
50,300,3000,0.008,1e-05,87.17
50,300,3000,0.008,0.0001,87.35
50,300,3000,0.008,0.001,86.77
50,300,3000,0.008,0.01,86.78
50,300,3000,0.008,0.1,87.08
50,300,3000,0.008,1,84.9
50,300,3000,0.01,1e-08,87.2
50,300,3000,0.01,1e-06,87.02
50,300,3000,0.01,1e-05,87.35
50,300,3000,0.01,0.0001,86.46
50,300,3000,0.01,0.001,86.93
50,300,3000,0.01,0.01,86.69
50,300,3000,0.01,0.1,87.01
50,300,3000,0.01,1,84.93
50,300,3000,0.03,1e-08,68.53
50,300,3000,0.03,1e-06,65.79
50,300,3000,0.03,1e-05,66.88
50,300,3000,0.03,0.0001,67.08
50,300,3000,0.03,0.001,66.46
50,300,3000,0.03,0.01,67.27
50,300,3000,0.03,0.1,66.57
50,300,3000,0.03,1,75.41
50,500,3000,0.001,1e-08,67.64
50,500,3000,0.001,1e-06,67.65
50,500,3000,0.001,1e-05,66.51
50,500,3000,0.001,0.0001,68.77
50,500,3000,0.001,0.001,68.17
50,500,3000,0.001,0.01,66.34
50,500,3000,0.001,0.1,67.67
50,500,3000,0.001,1,65.59
50,500,3000,0.003,1e-08,74.83
50,500,3000,0.003,1e-06,74.2
50,500,3000,0.003,1e-05,74.58
50,500,3000,0.003,0.0001,74.43
50,500,3000,0.003,0.001,74.74
50,500,3000,0.003,0.01,72.54
50,500,3000,0.003,0.1,76.16
50,500,3000,0.003,1,79.27
50,500,3000,0.005,1e-08,81.82
50,500,3000,0.005,1e-06,81.82
50,500,3000,0.005,1e-05,81.34
50,500,3000,0.005,0.0001,82.33
50,500,3000,0.005,0.001,82.33
50,500,3000,0.005,0.01,81.14
50,500,3000,0.005,0.1,82.53
50,500,3000,0.005,1,83.56
50,500,3000,0.008,1e-08,87.41
50,500,3000,0.008,1e-06,87.22
50,500,3000,0.008,1e-05,87.29
50,500,3000,0.008,0.0001,87.24
50,500,3000,0.008,0.001,87.39
50,500,3000,0.008,0.01,87.24
50,500,3000,0.008,0.1,87.5
50,500,3000,0.008,1,85.44
50,500,3000,0.01,1e-08,87.16
50,500,3000,0.01,1e-06,87.2
50,500,3000,0.01,1e-05,86.94
50,500,3000,0.01,0.0001,87.34
50,500,3000,0.01,0.001,87.27
50,500,3000,0.01,0.01,87.52
50,500,3000,0.01,0.1,87.85
50,500,3000,0.01,1,85.69
50,500,3000,0.03,1e-08,71.0
50,500,3000,0.03,1e-06,67.27
50,500,3000,0.03,1e-05,67.94
50,500,3000,0.03,0.0001,69.3
50,500,3000,0.03,0.001,65.68
50,500,3000,0.03,0.01,66.48
50,500,3000,0.03,0.1,71.18
50,500,3000,0.03,1,75.64
100,50,3000,0.001,1e-08,48.9
100,50,3000,0.001,1e-06,50.57
100,50,3000,0.001,1e-05,50.4
100,50,3000,0.001,0.0001,48.34
100,50,3000,0.001,0.001,48.3
100,50,3000,0.001,0.01,50.04
100,50,3000,0.001,0.1,48.67
100,50,3000,0.001,1,46.17
100,50,3000,0.003,1e-08,68.23
100,50,3000,0.003,1e-06,69.1
100,50,3000,0.003,1e-05,67.56
100,50,3000,0.003,0.0001,68.57
100,50,3000,0.003,0.001,69.06
100,50,3000,0.003,0.01,68.85
100,50,3000,0.003,0.1,68.37
100,50,3000,0.003,1,65.25
100,50,3000,0.005,1e-08,76.04
100,50,3000,0.005,1e-06,73.9
100,50,3000,0.005,1e-05,76.06
100,50,3000,0.005,0.0001,75.74
100,50,3000,0.005,0.001,73.97
100,50,3000,0.005,0.01,77.98
100,50,3000,0.005,0.1,76.61
100,50,3000,0.005,1,75.84
100,50,3000,0.008,1e-08,86.01
100,50,3000,0.008,1e-06,85.23
100,50,3000,0.008,1e-05,86.16
100,50,3000,0.008,0.0001,86.13
100,50,3000,0.008,0.001,85.49
100,50,3000,0.008,0.01,85.88
100,50,3000,0.008,0.1,85.94
100,50,3000,0.008,1,81.69
100,50,3000,0.01,1e-08,85.9
100,50,3000,0.01,1e-06,85.46
100,50,3000,0.01,1e-05,85.88
100,50,3000,0.01,0.0001,85.86
100,50,3000,0.01,0.001,85.7
100,50,3000,0.01,0.01,86.17
100,50,3000,0.01,0.1,86.5
100,50,3000,0.01,1,83.36
100,50,3000,0.03,1e-08,65.97
100,50,3000,0.03,1e-06,66.95
100,50,3000,0.03,1e-05,66.65
100,50,3000,0.03,0.0001,66.08
100,50,3000,0.03,0.001,67.2
100,50,3000,0.03,0.01,70.15
100,50,3000,0.03,0.1,67.13
100,50,3000,0.03,1,75.55
100,100,3000,0.001,1e-08,57.97
100,100,3000,0.001,1e-06,60.34
100,100,3000,0.001,1e-05,59.92
100,100,3000,0.001,0.0001,58.59
100,100,3000,0.001,0.001,58.72
100,100,3000,0.001,0.01,58.61
100,100,3000,0.001,0.1,59.2
100,100,3000,0.001,1,54.23
100,100,3000,0.003,1e-08,69.44
100,100,3000,0.003,1e-06,68.48
100,100,3000,0.003,1e-05,70.72
100,100,3000,0.003,0.0001,70.19
100,100,3000,0.003,0.001,71.78
100,100,3000,0.003,0.01,69.38
100,100,3000,0.003,0.1,71.52
100,100,3000,0.003,1,71.12
100,100,3000,0.005,1e-08,78.22
100,100,3000,0.005,1e-06,77.77
100,100,3000,0.005,1e-05,78.1
100,100,3000,0.005,0.0001,78.21
100,100,3000,0.005,0.001,78.04
100,100,3000,0.005,0.01,77.02
100,100,3000,0.005,0.1,80.08
100,100,3000,0.005,1,79.76
100,100,3000,0.008,1e-08,86.89
100,100,3000,0.008,1e-06,86.48
100,100,3000,0.008,1e-05,86.16
100,100,3000,0.008,0.0001,85.85
100,100,3000,0.008,0.001,86.17
100,100,3000,0.008,0.01,86.29
100,100,3000,0.008,0.1,86.64
100,100,3000,0.008,1,84.04
100,100,3000,0.01,1e-08,86.83
100,100,3000,0.01,1e-06,86.27
100,100,3000,0.01,1e-05,86.71
100,100,3000,0.01,0.0001,86.48
100,100,3000,0.01,0.001,86.26
100,100,3000,0.01,0.01,86.9
100,100,3000,0.01,0.1,87.21
100,100,3000,0.01,1,84.43
100,100,3000,0.03,1e-08,66.82
100,100,3000,0.03,1e-06,66.35
100,100,3000,0.03,1e-05,69.61
100,100,3000,0.03,0.0001,66.96
100,100,3000,0.03,0.001,66.6
100,100,3000,0.03,0.01,67.58
100,100,3000,0.03,0.1,67.08
100,100,3000,0.03,1,75.54
100,200,3000,0.001,1e-08,64.21
100,200,3000,0.001,1e-06,66.74
100,200,3000,0.001,1e-05,68.28
100,200,3000,0.001,0.0001,66.73
100,200,3000,0.001,0.001,66.81
100,200,3000,0.001,0.01,65.36
100,200,3000,0.001,0.1,67.23
100,200,3000,0.001,1,61.75
100,200,3000,0.003,1e-08,73.5
100,200,3000,0.003,1e-06,72.54
100,200,3000,0.003,1e-05,72.47
100,200,3000,0.003,0.0001,72.36
100,200,3000,0.003,0.001,72.56
100,200,3000,0.003,0.01,72.45
100,200,3000,0.003,0.1,75.4
100,200,3000,0.003,1,77.3
100,200,3000,0.005,1e-08,81.99
100,200,3000,0.005,1e-06,81.18
100,200,3000,0.005,1e-05,80.81
100,200,3000,0.005,0.0001,81.15
100,200,3000,0.005,0.001,81.21
100,200,3000,0.005,0.01,81.35
100,200,3000,0.005,0.1,81.45
100,200,3000,0.005,1,82.9
100,200,3000,0.008,1e-08,87.28
100,200,3000,0.008,1e-06,87.32
100,200,3000,0.008,1e-05,87.45
100,200,3000,0.008,0.0001,87.07
100,200,3000,0.008,0.001,87.01
100,200,3000,0.008,0.01,87.08
100,200,3000,0.008,0.1,87.36
100,200,3000,0.008,1,85.38
100,200,3000,0.01,1e-08,86.95
100,200,3000,0.01,1e-06,86.96
100,200,3000,0.01,1e-05,87.04
100,200,3000,0.01,0.0001,87.49
100,200,3000,0.01,0.001,86.96
100,200,3000,0.01,0.01,87.01
100,200,3000,0.01,0.1,87.32
100,200,3000,0.01,1,85.36
100,200,3000,0.03,1e-08,66.59
100,200,3000,0.03,1e-06,68.5
100,200,3000,0.03,1e-05,67.49
100,200,3000,0.03,0.0001,66.69
100,200,3000,0.03,0.001,71.96
100,200,3000,0.03,0.01,67.33
100,200,3000,0.03,0.1,67.79
100,200,3000,0.03,1,75.89
100,300,3000,0.001,1e-08,67.56
100,300,3000,0.001,1e-06,68.5
100,300,3000,0.001,1e-05,69.5
100,300,3000,0.001,0.0001,69.38
100,300,3000,0.001,0.001,68.61
100,300,3000,0.001,0.01,68.22
100,300,3000,0.001,0.1,69.45
100,300,3000,0.001,1,69.09
100,300,3000,0.003,1e-08,74.98
100,300,3000,0.003,1e-06,73.3
100,300,3000,0.003,1e-05,75.16
100,300,3000,0.003,0.0001,76.58
100,300,3000,0.003,0.001,74.02
100,300,3000,0.003,0.01,74.76
100,300,3000,0.003,0.1,77.86
100,300,3000,0.003,1,80.76
100,300,3000,0.005,1e-08,82.7
100,300,3000,0.005,1e-06,82.85
100,300,3000,0.005,1e-05,82.66
100,300,3000,0.005,0.0001,83.31
100,300,3000,0.005,0.001,83.58
100,300,3000,0.005,0.01,82.42
100,300,3000,0.005,0.1,84.07
100,300,3000,0.005,1,83.92
100,300,3000,0.008,1e-08,86.94
100,300,3000,0.008,1e-06,87.3
100,300,3000,0.008,1e-05,87.92
100,300,3000,0.008,0.0001,87.15
100,300,3000,0.008,0.001,87.31
100,300,3000,0.008,0.01,87.39
100,300,3000,0.008,0.1,88.02
100,300,3000,0.008,1,85.71
100,300,3000,0.01,1e-08,87.79
100,300,3000,0.01,1e-06,87.47
100,300,3000,0.01,1e-05,87.35
100,300,3000,0.01,0.0001,87.33
100,300,3000,0.01,0.001,87.35
100,300,3000,0.01,0.01,87.22
100,300,3000,0.01,0.1,87.46
100,300,3000,0.01,1,85.84
100,300,3000,0.03,1e-08,66.97
100,300,3000,0.03,1e-06,66.79
100,300,3000,0.03,1e-05,66.11
100,300,3000,0.03,0.0001,67.26
100,300,3000,0.03,0.001,71.51
100,300,3000,0.03,0.01,67.48
100,300,3000,0.03,0.1,71.31
100,300,3000,0.03,1,75.01
100,500,3000,0.001,1e-08,70.98
100,500,3000,0.001,1e-06,70.69
100,500,3000,0.001,1e-05,70.22
100,500,3000,0.001,0.0001,70.56
100,500,3000,0.001,0.001,71.8
100,500,3000,0.001,0.01,70.02
100,500,3000,0.001,0.1,73.37
100,500,3000,0.001,1,73.93
100,500,3000,0.003,1e-08,78.53
100,500,3000,0.003,1e-06,78.61
100,500,3000,0.003,1e-05,78.63
