50,500,3000,0.008,1e-08,71.76,0.1
50,500,3000,0.008,1e-06,73.56,0.1
50,500,3000,0.008,1e-05,72.45,0.1
50,500,3000,0.008,0.0001,72.35,0.1
50,500,3000,0.008,0.001,73.44,0.1
50,500,3000,0.008,0.01,73.56,0.1
50,500,3000,0.008,0.1,78.53,0.1
50,500,3000,0.008,1,79.72,0.1
50,500,3000,0.008,1e-08,68.29,0.2
50,500,3000,0.008,1e-06,70.48,0.2
50,500,3000,0.008,1e-05,69.63,0.2
50,500,3000,0.008,0.0001,71.52,0.2
50,500,3000,0.008,0.001,67.57,0.2
50,500,3000,0.008,0.01,69.11,0.2
50,500,3000,0.008,0.1,73.68,0.2
50,500,3000,0.008,1,68.32,0.2
50,500,3000,0.008,1e-08,66.09,0.3
50,500,3000,0.008,1e-06,70.57,0.3
50,500,3000,0.008,1e-05,66.14,0.3
50,500,3000,0.008,0.0001,69.82,0.3
50,500,3000,0.008,0.001,68.17,0.3
50,500,3000,0.008,0.01,69.05,0.3
50,500,3000,0.008,0.1,71.7,0.3
50,500,3000,0.008,1,69.22,0.3
50,500,3000,0.008,1e-08,67.33,0.4
50,500,3000,0.008,1e-06,67.86,0.4
50,500,3000,0.008,1e-05,65.55,0.4
50,500,3000,0.008,0.0001,69.81,0.4
50,500,3000,0.008,0.001,66.76,0.4
50,500,3000,0.008,0.01,69.04,0.4
50,500,3000,0.008,0.1,67.71,0.4
50,500,3000,0.008,1,65.71,0.4

