100,300,3000,0.008,1e-08,87.28,0.1
100,300,3000,0.008,1e-06,87.49,0.1
100,300,3000,0.008,1e-05,86.9,0.1
100,300,3000,0.008,0.0001,87.15,0.1
100,300,3000,0.008,0.001,87.08,0.1
100,300,3000,0.008,0.01,87.55,0.1
100,300,3000,0.008,0.1,87.81,0.1
100,300,3000,0.008,1,84.19,0.1
100,300,3000,0.008,1e-08,85.83,0.2
100,300,3000,0.008,1e-06,85.59,0.2
100,300,3000,0.008,1e-05,85.41,0.2
100,300,3000,0.008,0.0001,85.66,0.2
100,300,3000,0.008,0.001,86.02,0.2
100,300,3000,0.008,0.01,85.99,0.2
100,300,3000,0.008,0.1,86.24,0.2
100,300,3000,0.008,1,82.5,0.2
100,300,3000,0.008,1e-08,83.72,0.3
100,300,3000,0.008,1e-06,83.51,0.3
100,300,3000,0.008,1e-05,83.31,0.3
100,300,3000,0.008,0.0001,83.88,0.3
100,300,3000,0.008,0.001,83.67,0.3
100,300,3000,0.008,0.01,83.41,0.3
100,300,3000,0.008,0.1,84.04,0.3
100,300,3000,0.008,1,79.52,0.3
100,300,3000,0.008,1e-08,81.0,0.4
100,300,3000,0.008,1e-06,80.47,0.4
100,300,3000,0.008,1e-05,80.84,0.4
100,300,3000,0.008,0.0001,80.87,0.4
100,300,3000,0.008,0.001,80.72,0.4
100,300,3000,0.008,0.01,80.82,0.4
100,300,3000,0.008,0.1,81.95,0.4
100,300,3000,0.008,1,76.31,0.4

